5.177331091827513943e-01 1.025177331091825721e+02 2.055633142684592940e+02 3.075633142684587256e+02 3.994366857315406492e+02 5.014366857315409902e+02 6.023827862689654467e+02 7.043827862689654467e+02 0.000000000000000000e+00
1.855545672517347755e-01 1.025200027277866468e+02 2.064247661345547158e+02 3.087592142950892935e+02 4.005819228286559337e+02 5.029163709891914209e+02 6.043887109110719393e+02 7.067231590716072560e+02 3.344481605351170561e-01
-1.210704273410930787e-01 1.025478258937289411e+02 2.073133403780243782e+02 3.099822366990940736e+02 4.017000375483970060e+02 5.043689338694676394e+02 6.065476853024885031e+02 7.092165816235590228e+02 6.688963210702341122e-01
-3.681626451977811354e-01 1.026351818364073694e+02 2.081106450342489893e+02 3.111139895158538025e+02 4.029094218553830729e+02 5.059127663369888523e+02 6.087205659991343509e+02 7.117239104807400736e+02 1.003344481605351168e+00
-5.283401117515600376e-01 1.028094525303887110e+02 2.088208969111305748e+02 3.121586895532704489e+02 4.042058589417122221e+02 5.075436515838531477e+02 6.107961281094317201e+02 7.141339207515726457e+02 1.337792642140468224e+00
-5.838524951819402675e-01 1.030883883074934744e+02 2.094950665849038955e+02 3.131673073875788873e+02 4.055383782311495224e+02 5.092106190338255374e+02 6.128114168120131353e+02 7.164836576146892639e+02 1.672240802675585281e+00
-5.285480693973014787e-01 1.034781408938132330e+02 2.101639006071484346e+02 3.141705895703585725e+02 4.068762331721155761e+02 5.108829221353266234e+02 6.148177949889993670e+02 7.188244839522103575e+02 2.006688963210702337e+00
-3.685554995116961940e-01 1.039725816242339675e+02 2.108329243605585930e+02 3.151740614843038202e+02 4.082138983819160103e+02 5.125550355056622038e+02 6.168106060663807284e+02 7.211517431901268083e+02 2.341137123745819615e+00
-1.216046495782949349e-01 1.045539806347024694e+02 2.114977212585827715e+02 3.161733065428632017e+02 4.095557904471024813e+02 5.142313757313838778e+02 6.187530306020507851e+02 7.234286158863320679e+02 2.675585284280936449e+00
1.849381748803746173e-01 1.051949716196962754e+02 2.121558589367254228e+02 3.171658923815410276e+02 4.109043417321704510e+02 5.159143751769870505e+02 6.206172181182256509e+02 7.256272515630420230e+02 3.010033444816053283e+00
5.171028717118563156e-01 1.058615844770628769e+02 2.128090683384975250e+02 3.181535499438482475e+02 4.122578212936089699e+02 5.176023028989608292e+02 6.224015293985876269e+02 7.277460110039390884e+02 3.344481605351170561e+00
8.380800122408952335e-01 1.065170097781270329e+02 2.134590508366345887e+02 3.191379806025204857e+02 4.136145277586826410e+02 5.192934575245694759e+02 6.241313141689513486e+02 7.298102439348380130e+02 3.678929765886287839e+00
1.112299934468421236e+00 1.071256778608896809e+02 2.141024739843908549e+02 3.201158519108118412e+02 4.149777935741371380e+02 5.209911715005590622e+02 6.258585473814773650e+02 7.318719253078991187e+02 4.013377926421404673e+00
1.309374460655555739e+00 1.076572005476119358e+02 2.147290384858744687e+02 3.210768645728306296e+02 4.163579180358642589e+02 5.227057441228212156e+02 6.276585009016445156e+02 7.340063269886014723e+02 4.347826086956521507e+00
1.407464419952741963e+00 1.080897386674442373e+02 2.153249775048996071e+02 3.220072517523908004e+02 4.177686679800499405e+02 5.244509422275418729e+02 6.296079658517514872e+02 7.362902400992435332e+02 4.682274247491639230e+00
1.395699795706133672e+00 1.084124222037327456e+02 2.158822219417847919e+02 3.228989443498110745e+02 4.192181125063755758e+02 5.262348349144026542e+02 6.317387898302913527e+02 7.387555122383186017e+02 5.016722408026756064e+00
1.275384306075102891e+00 1.086265548746368381e+02 2.164100996502111229e+02 3.237612702187725517e+02 4.206969237611600079e+02 5.280480943297221756e+02 6.339936724471807565e+02 7.413448430157430948e+02 5.351170568561872898e+00
1.059850930141382763e+00 1.087454696592382248e+02 2.169450406851222795e+02 3.246306594142187691e+02 4.221686716894595861e+02 5.298542904185568432e+02 6.362330927937738352e+02 7.439187115228711491e+02 5.685618729096989732e+00
7.729843868831641762e-01 1.087930512765151434e+02 2.175528289085181086e+02 3.255728957981497160e+02 4.235675724292744917e+02 5.315876393189066675e+02 6.383245187664707601e+02 7.463445856561031633e+02 6.020066889632106566e+00
4.465743115577671118e-01 1.088010893617248627e+02 2.183033256596926321e+02 3.266578407098593857e+02 4.248237646413105608e+02 5.331782796914778828e+02 6.402893295919986940e+02 7.486438446421663002e+02 6.354515050167224288e+00
1.167924337567303045e-01 1.088057556444589409e+02 2.191839776211082267e+02 3.278729408318100127e+02 4.259498016431057863e+02 5.346387648538080839e+02 6.423270769960389543e+02 7.510160402067414225e+02 6.688963210702341122e+00
-1.798158688852600218e-01 1.088435955023520592e+02 2.200589677261472445e+02 3.290823790973840914e+02 4.270815005012775032e+02 5.361049118725147764e+02 6.445055460397173874e+02 7.535289574109551722e+02 7.023411371237457956e+00
-4.103814094125715628e-01 1.089474781223598541e+02 2.208340731964292729e+02 3.301919327282012659e+02 4.283130839942061812e+02 5.376709435259786005e+02 6.466607206215119277e+02 7.560185801532846881e+02 7.357859531772575679e+00
-5.493536496873973052e-01 1.091429540426201328e+02 2.215325722761649274e+02 3.312248799684720666e+02 4.296212738776812330e+02 5.393135815699887416e+02 6.487176894963266705e+02 7.584099971886346339e+02 7.692307692307692513e+00
-5.813321288675759035e-01 1.094454237239750682e+02 2.222040537187519078e+02 3.322308095715941931e+02 4.309564813983047884e+02 5.409832372511475569e+02 6.507284513579538725e+02 7.607552072107969252e+02 8.026755852842809347e+00
-5.027730964863817986e-01 1.098584309168914075e+02 2.228730551658314880e+02 3.332342591792088911e+02 4.322941689144358293e+02 5.426553729278136871e+02 6.527341297259519024e+02 7.630953337393301581e+02 8.361204013377927069e+00
-3.223822141836844013e-01 1.103732699597292282e+02 2.235415971111960403e+02 3.342372492851086463e+02 4.336323159322818128e+02 5.443279681061949304e+02 6.547194796931752308e+02 7.654151318670886894e+02 8.695652173913043015e+00
-6.014982136550515307e-02 1.109699505130825088e+02 2.242050079616938376e+02 3.352351082961415045e+02 4.349755940449946365e+02 5.460056943794429571e+02 6.566467515276345921e+02 7.676768518620831401e+02 9.030100334448160737e+00
2.548643225213730323e-01 1.116194128175045108e+02 2.248618654718165430e+02 3.362264139667993845e+02 4.363254254980826659e+02 5.476899739930660189e+02 6.584931000610944238e+02 7.698576485560781748e+02 9.364548494983278459e+00
5.877513527330329168e-01 1.122867480082512941e+02 2.255143495223278194e+02 3.372133461778457217e+02 4.376796304107821811e+02 5.493786270663005098e+02 6.602627609524349737e+02 7.719617576079538139e+02 9.698996655518394405e+00
9.016217934425098113e-01 1.129350666094958910e+02 2.261634500437783970e+02 3.381968948598313318e+02 4.390372188525423098e+02 5.510706636685957847e+02 6.619867325338959745e+02 7.740201773499499041e+02 1.003344481605351213e+01
1.161693522780091747e+00 1.135295864993685910e+02 2.268043536168635512e+02 3.391722465934516322e+02 4.404030042426679188e+02 5.527708972192565398e+02 6.637225959351160327e+02 7.760904889117052790e+02 1.036789297658862807e+01
1.339146224190296053e+00 1.140414873613139122e+02 2.274255176679375552e+02 3.401278588050607823e+02 4.417885291548047917e+02 5.544908702919283314e+02 6.655486929323843697e+02 7.782510340695085915e+02 1.070234113712374580e+01
1.414315160146040862e+00 1.144511044578047603e+02 2.280134671137985549e+02 3.410502564114569282e+02 4.432072686721545551e+02 5.562440579698132979e+02 6.675367136823515466e+02 7.805735029800109714e+02 1.103678929765886352e+01
1.378870346308555872e+00 1.147501078045024059e+02 2.285628654494883563e+02 3.419341029076818472e+02 4.446645592996755454e+02 5.580357967578693206e+02 6.697022080208209900e+02 7.830734454790155041e+02 1.137123745819397946e+01
1.236739664011120565e+00 1.149424252827400892e+02 2.290881491454661614e+02 3.427938347641947416e+02 4.461459645669085035e+02 5.598516501856373679e+02 6.719671875964767196e+02 7.856728732152064367e+02 1.170568561872909719e+01
1.003673578304163927e+00 1.150438073575682409e+02 2.296322587360464809e+02 3.436723925153102641e+02 4.476085439395389471e+02 5.616486777188029009e+02 6.741832535440312313e+02 7.882233873232961514e+02 1.204013377926421313e+01
7.054997142125540854e-01 1.150800816540117637e+02 2.302656668996988287e+02 3.446402488394977581e+02 4.489818247390973056e+02 5.633564066788964055e+02 6.762381660231352498e+02 7.906127479629351456e+02 1.237458193979933085e+01
3.752607666292360200e-01 1.150842908669635420e+02 2.310498778327105924e+02 3.457589079330446680e+02 4.502043027692962482e+02 5.649133328696303806e+02 6.781997815230375863e+02 7.929088116233723440e+02 1.270903010033444858e+01
4.955277115093559975e-02 1.150930310320203631e+02 2.319426820166555672e+02 3.469861602775247889e+02 4.513181875485619798e+02 5.663616658094312015e+02 6.802730577268090428e+02 7.953165359876792309e+02 1.304347826086956452e+01
-2.355303530371508081e-01 1.151423960683674039e+02 2.327995210689159364e+02 3.481774474903203327e+02 4.524680374595123453e+02 5.678459638809165426e+02 6.824617371812526017e+02 7.978396636026579927e+02 1.337792642140468224e+01
-4.483966024397200711e-01 1.152639779794999555e+02 2.335539609042965878e+02 3.492663354862360165e+02 4.537202865873424003e+02 5.694326611692818005e+02 6.845958913424581169e+02 8.003082659243987109e+02 1.371237458193979997e+01
-5.654568177643797267e-01 1.154813659247104027e+02 2.342431308556192278e+02 3.502899535980938026e+02 4.550378055992304098e+02 5.710846283417049563e+02 6.866372579164860781e+02 8.026840806589619888e+02 1.404682274247491591e+01
-5.737387599133136895e-01 1.158075321430965943e+02 2.349130101313319301e+02 3.512942810343416795e+02 4.563746152867282717e+02 5.727558861897380211e+02 6.886454998254838529e+02 8.050267707284948528e+02 1.438127090301003363e+01
-4.723246501183970825e-01 1.162433944134266142e+02 2.355822042081669281e+02 3.522979232717117952e+02 4.577121101731038948e+02 5.744278292366487904e+02 6.906496195104490425e+02 8.073653385739951318e+02 1.471571906354515136e+01
-2.724528762860977116e-01 1.167777143477940456e+02 2.362500137394114574e+02 3.533001809634913570e+02 4.590509896050700718e+02 5.761011568291501135e+02 6.926256415113693947e+02 8.096758087354505733e+02 1.505016722408026730e+01
3.727403169448237352e-03 1.173883427877847083e+02 2.369119759786294139e+02 3.542965913632444312e+02 4.603957163290627363e+02 5.777803317136779242e+02 6.945366898246074925e+02 8.119213052092238740e+02 1.538461538461538503e+01
3.256107756534287745e-01 1.180446743208038072e+02 2.375676728630729713e+02 3.552867364082231347e+02 4.617467084078298285e+02 5.794657719529801625e+02 6.963654006221208874e+02 8.140844641672724720e+02 1.571906354515050097e+01
6.575271525972816722e-01 1.187110388582827625e+02 2.382194953812529832e+02 3.562730070869383212e+02 4.631015748528604945e+02 5.811550865585460315e+02 6.981218189271523897e+02 8.161753306328389499e+02 1.605351170568561869e+01
9.626946188128571169e-01 1.193506544850334592e+02 2.388675000050000676e+02 3.572554598712205234e+02 4.644602591923241448e+02 5.828482190585446006e+02 6.998426078377851809e+02 8.182305677040069440e+02 1.638795986622073642e+01
1.207295495743804903e+00 1.199297035224995227e+02 2.395053420892889449e+02 3.582277501160444899e+02 4.658291060712460308e+02 5.845515140980016895e+02 7.015907600436732992e+02 8.203131680704301516e+02 1.672240802675585414e+01
1.364223893309798763e+00 1.204210800806006176e+02 2.401204547139312808e+02 3.591773109012219720e+02 4.672206824098144011e+02 5.862775385971051492e+02 7.034464595699531628e+02 8.225033157572452183e+02 1.705685618729096831e+01
1.416089504856571812e+00 1.208073938526825089e+02 2.407001283748251410e+02 3.600914327226509499e+02 4.686476977121312189e+02 5.880390020599570562e+02 7.054739013244258103e+02 8.248652056722529551e+02 1.739130434782608603e+01
1.357144751650447567e+00 1.210828972600115065e+02 2.412423042195576102e+02 3.609680567279185084e+02 4.701122108306094560e+02 5.898379633389703258e+02 7.076704440824435096e+02 8.273961965908059710e+02 1.772575250836120375e+01
1.193921705047006565e+00 1.212541223739432041e+02 2.417669403997326754e+02 3.618271410686286913e+02 4.715942636136450687e+02 5.916544642825411984e+02 7.099383764727759853e+02 8.299985771416733087e+02 1.806020066889632147e+01
9.445082208976280924e-01 1.213391570503289358e+02 2.423235276895798052e+02 3.627181765190109104e+02 4.730443652870086453e+02 5.934390141164398074e+02 7.121253629679061987e+02 8.325200117973387250e+02 1.839464882943143920e+01
6.365434829713402243e-01 1.213656404729377840e+02 2.429857656788266809e+02 3.637148626687928754e+02 4.743888162609725327e+02 5.951179132509388410e+02 7.141468068494838235e+02 8.348759038394515528e+02 1.872909698996655692e+01
3.041551874837992719e-01 1.213677003379853545e+02 2.438019173414517127e+02 3.648654624919530534e+02 4.755793535615582073e+02 5.966428987120597185e+02 7.161163189874738464e+02 8.371798641379766650e+02 1.906354515050167109e+01
-1.582244771461197713e-02 1.213821708633220595e+02 2.446993104537235695e+02 3.660973037647599995e+02 4.766886494124969431e+02 5.980866427235334868e+02 7.182251114712274784e+02 8.396231047822657274e+02 1.939799331103678881e+01
-2.879305246388260686e-01 1.214445109469329651e+02 2.455349922375787628e+02 3.672674337091502821e+02 4.778596565918525130e+02 5.995920980634240323e+02 7.204146854358907603e+02 8.421471269074639849e+02 1.973244147157190653e+01
-4.820148928231911545e-01 1.215848747392837197e+02 2.462708942048754466e+02 3.683377838369820552e+02 4.791304435877665355e+02 6.011973332198731441e+02 7.225264782999225872e+02 8.445933679320309011e+02 2.006688963210702425e+01
-5.765677412662553181e-01 1.218247700513757508e+02 2.469529288396785205e+02 3.693542666323202184e+02 4.804550979161741111e+02 6.028564357088159795e+02 7.245554979153249633e+02 8.469568357079682528e+02 2.040133779264214198e+01
-5.611110258048106481e-01 1.221746749273723367e+02 2.476220058961734196e+02 3.703577918493503489e+02 4.817927098228898330e+02 6.045284957760667339e+02 7.265625823089942514e+02 8.492983682621726302e+02 2.073578595317725615e+01
-4.373576096793339030e-01 1.226328765040329500e+02 2.482912981022539043e+02 3.713615322159660082e+02 4.831301065800199694e+02 6.062003406937319596e+02 7.285638685143610473e+02 8.516341026280745155e+02 2.107023411371237387e+01
-2.190214517711651099e-01 1.231856608224762368e+02 2.489581444127036320e+02 3.723628266869509389e+02 4.844699492327809480e+02 6.078746315070279707e+02 7.305287639690798187e+02 8.539334462433282624e+02 2.140468227424749159e+01
6.970213030108414476e-02 1.238088325650836055e+02 2.496186459471506112e+02 3.733577763819330357e+02 4.858161366615447037e+02 6.095552670963268156e+02 7.324227778317662114e+02 8.561619082665498581e+02 2.173913043478260931e+01
3.968177156173178788e-01 1.244703963109349445e+02 2.502733114936144716e+02 3.743468900889319571e+02 4.871681600782915780e+02 6.112417386736088929e+02 7.342343121692096020e+02 8.583078907645284517e+02 2.207357859531772704e+01
7.260753890075631878e-01 1.251341021448603072e+02 2.509244915268185423e+02 3.753325182826711170e+02 4.885236690082981568e+02 6.129316957641505041e+02 7.359791521580710878e+02 8.603871789139250268e+02 2.240802675585284121e+01
1.020987867512637148e+00 1.257634627839004935e+02 2.515711122468889016e+02 3.763135871632766225e+02 4.898837372514385038e+02 6.146262121678259973e+02 7.376996481463074815e+02 8.624421230626966235e+02 2.274247491638795893e+01
1.248873894926704864e+00 1.263257969718496838e+02 2.522052990183869099e+02 3.772822220953097485e+02 4.912562394431512303e+02 6.163331625200737562e+02 7.394638628448428790e+02 8.645407859217672240e+02 2.307692307692307665e+01
1.384479864768149993e+00 1.267958511022262513e+02 2.528137414361034416e+02 3.782251126735613980e+02 4.926544859886453764e+02 6.180658572261030486e+02 7.413522869553468126e+02 8.667636581928063606e+02 2.341137123745819437e+01
1.412778355341700154e+00 1.271585977533349165e+02 2.533850032386920930e+02 3.791308226366851386e+02 4.940899131492674883e+02 6.198357325472601360e+02 7.434191495637539902e+02 8.691649689617486274e+02 2.374581939799331209e+01
1.330633416286572057e+00 1.274109009748148935e+02 2.539208349732107592e+02 3.800011025317389795e+02 4.955607703779594431e+02 6.216410379364872369e+02 7.456421492466232621e+02 8.717224168051529887e+02 2.408026755852842626e+01
1.147148088000166988e+00 1.275618638070636166e+02 2.544470788850564134e+02 3.808617946041197229e+02 4.970412154293245521e+02 6.234559311483873216e+02 7.479056473765580222e+02 8.743203630956227244e+02 2.441471571906354399e+01
8.826556297527166084e-01 1.276318195093512884e+02 2.550196508462116753e+02 3.817688147258101026e+02 4.984753324313799681e+02 6.252244963109778837e+02 7.500591048362229003e+02 8.768082687158228055e+02 2.474916387959866171e+01
5.664662587733509946e-01 1.276500782989070473e+02 2.557133798256930106e+02 3.827969918658264987e+02 4.997882924151094244e+02 6.268719044552423156e+02 7.520525661089346841e+02 8.791361781490696785e+02 2.508361204013377943e+01
2.336190710993399922e-01 1.276516792717681739e+02 2.565580378874489043e+02 3.839760980881175669e+02 5.009503233165642087e+02 6.283683835172322460e+02 7.540405239227798120e+02 8.814585841234498957e+02 2.541806020066889715e+01
-7.900087048683648860e-02 1.276735074907171139e+02 2.574525694184247868e+02 3.852050777796285388e+02 5.020624807487989756e+02 6.298149891100023297e+02 7.561812114362539887e+02 8.839337197974591618e+02 2.575250836120401488e+01
-3.367500195391929796e-01 1.277502065021998590e+02 2.582656151277044501e+02 3.863525716494431776e+02 5.032561240027300755e+02 6.313430805244684052e+02 7.583633004413251228e+02 8.864502569630653852e+02 2.608695652173912904e+01
-5.110654370455622875e-01 1.279103392452286130e+02 2.589854393869470641e+02 3.874068440692209379e+02 5.045429887066981109e+02 6.329643933889715299e+02 7.604530966318120591e+02 8.888745013140875244e+02 2.642140468227424677e+01
-5.826300443638632309e-01 1.281732227984454369e+02 2.596622523385245813e+02 3.884181051813335444e+02 5.058728647183311864e+02 6.346287175611396378e+02 7.624729694571603886e+02 8.912288222999708296e+02 2.675585284280936449e+01
-5.435132796133242961e-01 1.285467877237310859e+02 2.603310688866725968e+02 3.894213698900167060e+02 5.072107371333937635e+02 6.363010381367373611e+02 7.644795943517422074e+02 8.935698953550877377e+02 2.709030100334448221e+01
-3.980499388879693012e-01 1.290266992249915177e+02 2.610002800999511692e+02 3.904250292638304245e+02 5.085482148833257270e+02 6.379729640472044139e+02 7.664764686635581938e+02 8.959012178274386997e+02 2.742474916387959993e+01
-1.623598127638169741e-01 1.295968375116507616e+02 2.616659671839092880e+02 3.914251645083236326e+02 5.098892167625783145e+02 6.396484140869920338e+02 7.684285766692366906e+02 8.981877739936522858e+02 2.775919732441471410e+01
1.374386779081280541e-01 1.302310841628577975e+02 2.623250446012621637e+02 3.924186900862116545e+02 5.112368283084360883e+02 6.413304737933849538e+02 7.703050297384672831e+02 9.003986752234178539e+02 2.809364548494983183e+01
4.681228207860579360e-01 1.308962164662708290e+02 2.629788077984507595e+02 3.934069014439353396e+02 5.125897540744581420e+02 6.430178477199423241e+02 7.721001172669973585e+02 9.025282109124832459e+02 2.842809364548494955e+01
7.930472523678434582e-01 1.315555890583877101e+02 2.636293092579256268e+02 3.943918510639453530e+02 5.139459415781940379e+02 6.447084833842131957e+02 7.738352976731981698e+02 9.045978394792192603e+02 2.876254180602006727e+01
1.076204885508246001e+00 1.321731948520632329e+02 2.642741830929936668e+02 3.953711730595485392e+02 5.153077567063367042e+02 6.464047466728911786e+02 7.755586307227132465e+02 9.066556206892695400e+02 2.909698996655518499e+01
1.286217098601291742e+00 1.327176552256914022e+02 2.649040813948423079e+02 3.963355195219322695e+02 5.166845473676988831e+02 6.481159854947883332e+02 7.773427078640694390e+02 9.087741459911605943e+02 2.943143812709030271e+01
1.399811009906909876e+00 1.331656972975321480e+02 2.655052888897707248e+02 3.972711751773957758e+02 5.180900288359811157e+02 6.498559151236056550e+02 7.792665360673353234e+02 9.110324223549616818e+02 2.976588628762541688e+01
1.404398499329624128e+00 1.335047329474899698e+02 2.660681758955883538e+02 3.981685103437485509e+02 5.195338307933741362e+02 6.516341652415339922e+02 7.813719027361604503e+02 9.134722371843220117e+02 3.010033444816053461e+01
1.299471196252153460e+00 1.337342538049475991e+02 2.665988132716140626e+02 3.990335958803094059e+02 5.210098823805591337e+02 6.534446649892539654e+02 7.836159071156337177e+02 9.160506897243304820e+02 3.043478260869565233e+01
1.096656813792497465e+00 1.338658875830230386e+02 2.671292311049815567e+02 3.998984618742119324e+02 5.224861535104023460e+02 6.552553842796323806e+02 7.858675886293627855e+02 9.186368193985945254e+02 3.076923076923077005e+01
8.184305768741216847e-01 1.339221095066397709e+02 2.677214100490077726e+02 4.008250889787732376e+02 5.239006635295867227e+02 6.570043424593519603e+02 7.879846875651146547e+02 9.210883664948814840e+02 3.110367892976588777e+01
4.956246472990184504e-01 1.339337517375997777e+02 2.684484605918005968e+02 4.018865876821012080e+02 5.251803019500047185e+02 6.586184290403049317e+02 7.899579106049286565e+02 9.233960376952306888e+02 3.143812709030100194e+01
1.640113493445080062e-01 1.339365866001803624e+02 2.693165916457427329e+02 4.030891668965784334e+02 5.263188598592731751e+02 6.600914351101085913e+02 7.919731395524371464e+02 9.257457148032743817e+02 3.177257525083611966e+01
-1.396609828397125663e-01 1.339673624285312599e+02 2.702015170018978552e+02 4.043085404132687017e+02 5.274406234663289297e+02 6.615476468776994352e+02 7.941391097451315773e+02 9.282461331565039018e+02 3.210702341137123739e+01
-3.817403498729742273e-01 1.340597312220331503e+02 2.709917997876299296e+02 4.054332713595358655e+02 5.286570296438077321e+02 6.630985012157132132e+02 7.963069737457976771e+02 9.307484453177053183e+02 3.244147157190635511e+01
-5.354002877771940616e-01 1.342405194446640166e+02 2.716981211115743804e+02 4.064740408440155193e+02 5.299573972830741013e+02 6.647333170155146718e+02 7.983764597574515847e+02 9.331523794898943152e+02 3.277591973244147283e+01
-5.836126924426722207e-01 1.345267552005336427e+02 2.723713201257185688e+02 4.074816880186947969e+02 5.312908872321405624e+02 6.664012551251163359e+02 8.003900854414893047e+02 9.355004533344670108e+02 3.311036789297659055e+01
-5.210348192269631529e-01 1.349237812342844336e+02 2.730401950070324801e+02 4.084850110605439113e+02 5.326287013140372437e+02 6.680735173675482201e+02 8.023963083294023590e+02 9.378411243829149271e+02 3.344481605351170828e+01
-3.546013481047781135e-01 1.354246628659417411e+02 2.737090957671924230e+02 4.094883599812388866e+02 5.339664895170878935e+02 6.697457537311339593e+02 8.043869975978468574e+02 9.401662618118947421e+02 3.377926421404682600e+01
-1.027559071918572459e-01 1.360109564673897466e+02 2.743734708872526085e+02 4.104871832618342182e+02 5.353088033602384712e+02 6.714225157348195125e+02 8.063248351831600758e+02 9.424385475577430498e+02 3.411371237458193661e+01
2.065927993041902500e-01 1.366547533344208887e+02 2.750311977707567053e+02 4.114793583058734043e+02 5.366577654399451376e+02 6.731059259750613819e+02 8.081834621152872842e+02 9.446316226504053475e+02 3.444816053511705434e+01
5.391637341715714848e-01 1.373217724298234259e+02 2.756841716578180694e+02 4.124667803534698578e+02 5.380114805160945934e+02 6.747940892117460407e+02 8.099630754543226203e+02 9.467456841499757729e+02 3.478260869565217206e+01
8.581024396520591235e-01 1.379751592958390347e+02 2.763338982022794994e+02 4.134509550584663771e+02 5.393684429348439835e+02 6.764854997910306338e+02 8.116907865647832523e+02 9.488078434209716079e+02 3.511705685618728978e+01
1.128065148104730131e+00 1.385795701648268050e+02 2.769765915059495001e+02 4.144280965226715239e+02 5.407324385943846892e+02 6.781839436111065424e+02 8.134203240404740427e+02 9.508718290571974876e+02 3.545150501672240750e+01
1.319135457791823729e+00 1.391050886350490430e+02 2.776015455789371345e+02 4.153874987561943044e+02 5.421141734846078180e+02 6.799001266618647605e+02 8.152280317697360488e+02 9.530139849469946967e+02 3.578595317725752523e+01
1.410139562690533088e+00 1.395305409004828618e+02 2.781950367683488139e+02 4.163154381061410731e+02 5.435273712584069017e+02 6.816477725961989336e+02 8.171893550932356902e+02 9.553097564310294274e+02 3.612040133779264295e+01
1.390992674303643817e+00 1.398458421726310803e+02 2.787497875037319091e+02 4.172046370020593145e+02 5.449793094862345697e+02 6.834341589845618046e+02 8.193312899653597015e+02 9.577861394636886416e+02 3.645484949832776067e+01
1.263816591884855622e+00 1.400531142507474271e+02 2.792766675895063599e+02 4.180659652483688546e+02 5.464591183636708820e+02 6.852484160225332062e+02 8.215900512283950547e+02 9.603793488872590842e+02 3.678929765886287839e+01
1.042704562004492130e+00 1.401664503814021998e+02 2.798141200811998601e+02 4.189378659005975010e+02 5.479283548351882018e+02 6.870521006545856153e+02 8.238228823556547695e+02 9.629466281750538883e+02 3.712374581939799612e+01
7.521595194842352061e-01 1.402103534994170673e+02 2.804295183708819650e+02 4.198877123508146951e+02 5.493196455087168033e+02 6.887778394886493061e+02 8.259027650371433538e+02 9.653609590170774482e+02 3.745819397993311384e+01
4.243787388203034694e-01 1.402170208792882704e+02 2.811906072339256184e+02 4.209832493743935515e+02 5.505652456088836288e+02 6.903578877493512209e+02 8.278653984508564463e+02 9.676580405913258573e+02 3.779264214046822445e+01
9.568584261536670910e-02 1.402227761436184892e+02 2.820758385488940121e+02 4.222029288498970914e+02 5.516867032571259415e+02 6.918137935581285092e+02 8.299139732428926663e+02 9.700410635438969393e+02 3.812709030100334218e+01
-1.974944703031610294e-01 1.402640439912350416e+02 2.829455940474855424e+02 4.234071325090237110e+02 5.528236367217450606e+02 6.932851751832829450e+02 8.320966395826604867e+02 9.725581780441998490e+02 3.846153846153845990e+01
-4.226728925022554262e-01 1.403733137295710378e+02 2.837140706332083937e+02 4.245100572552816516e+02 5.540618490992328589e+02 6.948578357213058325e+02 8.342455259814664714e+02 9.750415126035409230e+02 3.879598662207357762e+01
-5.548958680075047889e-01 1.405755389146009122e+02 2.844094164668531448e+02 4.255398512494615488e+02 5.553731922287986436e+02 6.965036270114067065e+02 8.362973050797978658e+02 9.774277398624074067e+02 3.913043478260869534e+01
-5.795108702724087735e-01 1.408853720728710925e+02 2.850802958163839094e+02 4.265451787595274595e+02 5.567090018424786422e+02 6.981738847856217944e+02 8.383070980585815732e+02 9.797719810017262034e+02 3.946488294314381307e+01
-4.937901441660883517e-01 1.413055409595125127e+02 2.857493589358875852e+02 4.275486900395662815e+02 5.580466276861855022e+02 6.998459587898637437e+02 8.403124000028558385e+02 9.821117311065354443e+02 3.979933110367893079e+01
-3.072329938615273592e-01 1.418265462703521962e+02 2.864176978378791887e+02 4.285514771020930311e+02 5.593849777474044913e+02 7.015187570116178222e+02 8.422950386000200069e+02 9.844288178642348157e+02 4.013377926421404851e+01
-4.051309032696059215e-02 1.424277143344218928e+02 2.870806613193159933e+02 4.295488887440649250e+02 5.607287032291782225e+02 7.031969306539268700e+02 8.442173603314466845e+02 9.866855877561965826e+02 4.046822742474916623e+01
2.768125207159336520e-01 1.430794881059999000e+02 2.877371437131345715e+02 4.305398192984185926e+02 5.620789097985704075e+02 7.048815853838542580e+02 8.460581856462850965e+02 9.888608612315700839e+02 4.080267558528428395e+01
6.095788197526775809e-01 1.437467025655717521e+02 2.883894165444565942e+02 4.315265402902757614e+02 5.634333259304590911e+02 7.065704496762779172e+02 8.478235633981021238e+02 9.909606871439222004e+02 4.113712374581939457e+01
9.209096996868443297e-01 1.443924816060410592e+02 2.890382017055828783e+02 4.325097736119371348e+02 5.647912297325435702e+02 7.082628016388973720e+02 8.495462503431713230e+02 9.930178222495262617e+02 4.147157190635451229e+01
1.176304461000541313e+00 1.449823245278898867e+02 2.896782125961780139e+02 4.334842326630674165e+02 5.661579078051593115e+02 7.099639278720482025e+02 8.512855390726329006e+02 9.950915591395231559e+02 4.180602006688963002e+01
1.347461045554376735e+00 1.454879292729788460e+02 2.902975617536190498e+02 4.344380299810435417e+02 5.675452476109288682e+02 7.116857158383530759e+02 8.531204862247933534e+02 9.972609544522184706e+02 4.214046822742474774e+01
1.415412444949914139e+00 1.458903288329095176e+02 2.908829592140263571e+02 4.353578756019860521e+02 5.689665391137322104e+02 7.134414555016915074e+02 8.551207156041201642e+02 9.995956319920803708e+02 4.247491638795986546e+01
1.372628593936243924e+00 1.461819931424309971e+02 2.914300301112965599e+02 4.362393946597914010e+02 5.704261571796724866e+02 7.152355217281671003e+02 8.572963077939793948e+02 1.002105672342474804e+03 4.280936454849498318e+01
1.223850547571260217e+00 1.463676632566011619e+02 2.919548888162756271e+02 4.370987015253055574e+02 5.719079874379042394e+02 7.170518001469339424e+02 8.595629973141039954e+02 1.004706810023134381e+03 4.314381270903010090e+01
9.855654591281427512e-01 1.464638263286931306e+02 2.925025191465559260e+02 4.379807800161210025e+02 5.733670460708347036e+02 7.188453069403993823e+02 8.617705802799100638e+02 1.007248841149475766e+03 4.347826086956521863e+01
6.841792924516496566e-01 1.464968883225517970e+02 2.931445726781679468e+02 4.389572817082681127e+02 5.747316815024333891e+02 7.205443905325332707e+02 8.638146305209554612e+02 1.009627339551056139e+03 4.381270903010033635e+01
3.530906989856695266e-01 1.465002478896209084e+02 2.939389908909294036e+02 4.400861480815646019e+02 5.759439522528825819e+02 7.220911094435175528e+02 8.657774914060439642e+02 1.011924648596679617e+03 4.414715719063545407e+01
2.898986832583135692e-02 1.465105952194962242e+02 2.948340425123178079e+02 4.413156478634880955e+02 5.770555895947047702e+02 7.235371949458749441e+02 8.678620249247128413e+02 1.014343630275883584e+03 4.448160535117057179e+01
-2.522073765023171155e-01 1.465638461352032209e+02 2.956845410237492615e+02 4.425005945354545815e+02 5.782117800464840229e+02 7.250278335581891724e+02 8.700519514875085179e+02 1.016868004999214463e+03 4.481605351170568241e+01
-4.593396482084144972e-01 1.466911620240321952e+02 2.964329650599417505e+02 4.435834667321822167e+02 5.794700449735020129e+02 7.266205466457423654e+02 8.721792002665928294e+02 1.019329701938834091e+03 4.515050167224080013e+01
-5.694532078690167642e-01 1.469154966249067229e+02 2.971196914987181117e+02 4.446046413314936672e+02 5.807900074979362444e+02 7.282749573307116862e+02 8.742163775537957235e+02 1.021701327386571847e+03 4.548494983277591786e+01
-5.703456237075711366e-01 1.472490523696032767e+02 2.977892470758951049e+02 4.456086450692058065e+02 5.821271408839699006e+02 7.299465388772804317e+02 8.762241460343113886e+02 1.024043544027622829e+03 4.581939799331103558e+01
-4.619180031740435233e-01 1.476919281506719130e+02 2.984584846056242782e+02 4.466123307594700691e+02 5.834645923174513200e+02 7.316184384712969404e+02 8.782275302021146217e+02 1.026381376355961038e+03 4.615384615384615330e+01
-2.561859546444428259e-01 1.482321083597366282e+02 2.991260171735775089e+02 4.476143114879584459e+02 5.848037487127087388e+02 7.332920430270893348e+02 8.802002727586236688e+02 1.028688567073005288e+03 4.648829431438127102e+01
2.405194940045179280e-02 1.488467944243166414e+02 2.997875236956849676e+02 4.486102661706009371e+02 5.861489311538121001e+02 7.349716736287277854e+02 8.821060917136923081e+02 1.030928834188609244e+03 4.682274247491638874e+01
3.477406407301484870e-01 1.495049312761814519e+02 3.004428862950333041e+02 4.496000769304844198e+02 5.875002575176744131e+02 7.366574481531253014e+02 8.839293972996329103e+02 1.033086587935084708e+03 4.715719063545150647e+01
6.790099677686167734e-01 1.501706487637550538e+02 3.010945097716216878e+02 4.505861485676078928e+02 5.888553230042967925e+02 7.383469618002827701e+02 8.856820228707318847e+02 1.035173661666718772e+03 4.749163879598662419e+01
9.811497321999285148e-01 1.508072366887214741e+02 3.017421183168839320e+02 4.515682052734053400e+02 5.902144034222451410e+02 7.400404903787662079e+02 8.874023985355837567e+02 1.037228485492105619e+03 4.782608695652174191e+01
1.220677800649615508e+00 1.513812129177062786e+02 3.023788886319148901e+02 4.525394237489714442e+02 5.915843220704247187e+02 7.417448571874808749e+02 8.891551425802633730e+02 1.039315677697320098e+03 4.816053511705685253e+01
1.371050373093926522e+00 1.518660336506856936e+02 3.029919899833340082e+02 4.534869732609257085e+02 5.929779096822163638e+02 7.434728929598076093e+02 8.910207074235325990e+02 1.041515690701124640e+03 4.849498327759197025e+01
1.415603662702486831e+00 1.522450351008293694e+02 3.035690526186059515e+02 4.543984840567326842e+02 5.944075360101551269e+02 7.452369674482815753e+02 8.930604578446829009e+02 1.043889889282810145e+03 4.882943143812708797e+01
1.349400416761244559e+00 1.525132800154232484e+02 3.041091471361434060e+02 4.552730267348052848e+02 5.958741304558283218e+02 7.470380100544899733e+02 8.952657718593338814e+02 1.046429651457996215e+03 4.916387959866220569e+01
1.179777067935859902e+00 1.526781048271329837e+02 3.046340276252183230e+02 4.561323553844152912e+02 5.973559389299641680e+02 7.488542666891607951e+02 8.975331249844783770e+02 1.049031452743675572e+03 4.949832775919732342e+01
9.255307351123968074e-01 1.527583066548445743e+02 3.051952113708703109e+02 4.570279872906024252e+02 5.988014441475228296e+02 7.506342200672546596e+02 8.997100907100752920e+02 1.051542866629807349e+03 4.983277591973244114e+01
6.148361820560303004e-01 1.527820602623233128e+02 3.058669972991309010e+02 4.580342213793981045e+02 6.001363471824730595e+02 7.523035712627399789e+02 9.017221242685728839e+02 1.053889348348840485e+03 5.016722408026755886e+01
2.821235946270855832e-01 1.527837958354295154e+02 3.066924659188403552e+02 4.591941381596425913e+02 6.013175675259744821e+02 7.538192397667763771e+02 9.036962885946045390e+02 1.056197960835406775e+03 5.050167224080267658e+01
-3.573687861693188722e-02 1.528003835227206082e+02 3.075897429516633679e+02 4.604258633530007501e+02 6.024269794563620053e+02 7.552630998576992170e+02 9.058155648770876951e+02 1.058651685278424793e+03 5.083612040133779431e+01
-3.035209512499463247e-01 1.528670476106227056e+02 3.084184683052992568e+02 4.615890368671717283e+02 6.036049430659368227e+02 7.567755116278091236e+02 9.080036407154711924e+02 1.061174209277343380e+03 5.117056856187291203e+01
-4.915536461765279697e-01 1.530134630762312611e+02 3.091490936355686472e+02 4.626541103579763217e+02 6.048810066988780818e+02 7.583860234212854721e+02 9.101084774337853105e+02 1.063613494156192473e+03 5.150501672240802975e+01
-5.789977796924240527e-01 1.532604671032504768e+02 3.098293116902079305e+02 4.636687765731506943e+02 6.062074776074493911e+02 7.600469424903919844e+02 9.121343163049203895e+02 1.065973781187862414e+03 5.183946488294314037e+01
-5.561630714254802710e-01 1.536177499720525077e+02 3.104982605141935892e+02 4.646721735576714991e+02 6.075452177466742114e+02 7.617191307901520076e+02 9.141412148311676447e+02 1.068315127874644759e+03 5.217391304347825809e+01
-4.255799951532028835e-01 1.540827812088598989e+02 3.111675499996324561e+02 4.656759112036454553e+02 6.088826172244458803e+02 7.633909784284588795e+02 9.161413086620381137e+02 1.070649669866050317e+03 5.250836120401337581e+01
-2.017193530916112088e-01 1.546410900114565834e+02 3.118340553292746336e+02 4.666768646938227221e+02 6.102228008580144660e+02 7.650656102225625546e+02 9.181023974053246093e+02 1.072945206769872129e+03 5.284280936454849353e+01
9.061133810266526478e-02 1.552678688631859814e+02 3.124941083695310340e+02 4.676713658946142118e+02 6.115694367809686582e+02 7.667466943060518361e+02 9.199909929234725041e+02 1.075168250448554772e+03 5.317725752508361126e+01
4.190169230207311246e-01 1.559307226086391438e+02 3.131484802491278288e+02 4.686601859347461527e+02 6.129217538645824561e+02 7.684334595502007232e+02 9.217973213559912438e+02 1.077309027041608715e+03 5.351170568561872898e+01
7.471045415208549256e-01 1.565932583876744104e+02 3.137994555525406781e+02 4.696456093986940346e+02 6.142774675243803131e+02 7.701236213705337832e+02 9.235389359713166186e+02 1.079385089817469179e+03 5.384615384615384670e+01
1.038516570812253015e+00 1.572191185775009217e+02 3.144455748115931328e+02 4.706261768182816354e+02 6.156380372285385647e+02 7.718186392352271241e+02 9.252599668259931605e+02 1.081440568832680810e+03 5.418060200668896442e+01
1.260959665247705974e+00 1.577760098324715159e+02 3.150784961240062216e+02 4.715935462912298135e+02 6.170118048793362959e+02 7.735268550465600583e+02 9.270299528161281160e+02 1.083545002983350969e+03 5.451505016722408214e+01
1.389783395517023790e+00 1.582392817232759512e+02 3.156847433912689098e+02 4.725342417190276478e+02 6.184122465752842572e+02 7.752617449030431089e+02 9.289291380893782843e+02 1.085778636417136113e+03 5.484949832775919987e+01
1.410711918355650907e+00 1.585946584066496996e+02 3.162533852226276281e+02 4.734373317109215122e+02 6.198502937071364158e+02 7.770342401954304705e+02 9.310081368672333610e+02 1.088192083355526165e+03 5.518394648829431759e+01
1.321426003608971556e+00 1.588398206524381351e+02 3.167874638595820329e+02 4.743058585084110064e+02 6.213229040333927742e+02 7.788412986822219182e+02 9.332383041782435384e+02 1.090756698827071432e+03 5.551839464882942821e+01
1.131820038626317526e+00 1.589846628479905633e+02 3.173147180539108945e+02 4.751675608632750141e+02 6.228023388022746758e+02 7.806551816116389091e+02 9.354988990769701331e+02 1.093351741886332775e+03 5.585284280936454593e+01
8.629055234835202315e-01 1.590501964933829413e+02 3.178930040443588041e+02 4.760802950142580130e+02 6.242307417750373588e+02 7.824180327449367951e+02 9.376412573421906700e+02 1.095828548312088515e+03 5.618729096989966365e+01
5.444827288892079009e-01 1.590662218593237469e+02 3.185969527940137596e+02 4.771186919244480578e+02 6.255334819885933939e+02 7.840552211190278058e+02 9.396274828915147737e+02 1.098149222021947708e+03 5.652173913043478137e+01
2.118382613869029818e-01 1.590680255523565449e+02 3.194495261523429122e+02 4.783057134433124133e+02 6.266875975934748340e+02 7.855437848844444488e+02 9.416230791574089380e+02 1.100479266448377075e+03 5.685618729096989910e+01
-9.816528145845979103e-02 1.590924701700462833e+02 3.203417427247863429e+02 4.795323781762909903e+02 6.278020699842421664e+02 7.869927054357469842e+02 9.437724636943605674e+02 1.102963099145863453e+03 5.719063545150501682e+01
-3.511742909580921057e-01 1.591739093210817941e+02 3.211476628624679392e+02 4.806727464745077327e+02 6.290028388097713332e+02 7.885279224218112404e+02 9.459507588880480853e+02 1.105475842500086173e+03 5.752508361204013454e+01
-5.191511155853192339e-01 1.593403806569896801e+02 3.218630071881539152e+02 4.817225389607288548e+02 6.302941834472962910e+02 7.901537152198712874e+02 9.480340032447842304e+02 1.107893535017357635e+03 5.785953177257525226e+01
-5.834810989787858615e-01 1.596104988341313629e+02 3.225385377666467548e+02 4.827325176997568406e+02 6.316253418320143282e+02 7.918193217651243003e+02 9.500516417085218563e+02 1.110245621641630123e+03 5.819397993311036998e+01
-5.370353994301261258e-01 1.599913926942151079e+02 3.232073483190853267e+02 4.837357764127305586e+02 6.329632202427865195e+02 7.934916483364315809e+02 9.520581618758461673e+02 1.112586589969489296e+03 5.852842809364548771e+01
-3.849609795067261420e-01 1.604779152746736202e+02 3.238764891169101361e+02 4.847393653710905141e+02 6.343007684081724165e+02 7.951636446623526808e+02 9.540533069731582145e+02 1.114916183227336205e+03 5.886287625418060543e+01
-1.441102419222121678e-01 1.610532141727932185e+02 3.245417811923632598e+02 4.857391056070787840e+02 6.356421652959299990e+02 7.968394897106453527e+02 9.560011187128246775e+02 1.117198443127537985e+03 5.919732441471571605e+01
1.588264990796120768e-01 1.616905990743301800e+02 3.252004284773536256e+02 4.867322010526042391e+02 6.369902069741503965e+02 7.985219795494009531e+02 9.578720375190449658e+02 1.119403810094293021e+03 5.953177257525083377e+01
4.902787750561735658e-01 1.623564995108418714e+02 3.258539339225062577e+02 4.877201546582919605e+02 6.383433904922084139e+02 8.002096112279940598e+02 9.596621870013005946e+02 1.121528407737084081e+03 5.986622073578595149e+01
8.135160854615235415e-01 1.630141849817823356e+02 3.265042077940220224e+02 4.887048766903429282e+02 6.396998055839031849e+02 8.019004744802240339e+02 9.613947963941554917e+02 1.123595465290474067e+03 6.020066889632106921e+01
1.092718303954872461e+00 1.636278353608107921e+02 3.271484530252855052e+02 4.896835700821415003e+02 6.410622493158504085e+02 8.035973663727063467e+02 9.631196933389950345e+02 1.125654810395848926e+03 6.053511705685618693e+01
1.296945132444426552e+00 1.641665103498354767e+02 3.277768835926040651e+02 4.906464488099952064e+02 6.424405077117424980e+02 8.053100729291335256e+02 9.649107264246325713e+02 1.127780291642021666e+03 6.086956521739130466e+01
1.403564808498210414e+00 1.646075781864243481e+02 3.283757371300568479e+02 4.915797505079831353e+02 6.438483431375004784e+02 8.070523565154265953e+02 9.668460260365887962e+02 1.130050039414512867e+03 6.120401337792642238e+01
1.400762074190788908e+00 1.649392236126520856e+02 3.289360566987835455e+02 4.924745182372449221e+02 6.452947125319843735e+02 8.088331740704456934e+02 9.689630220242758014e+02 1.132501483562735075e+03 6.153846153846154010e+01
1.288847520734572427e+00 1.651617572197309869e+02 3.294653567589913337e+02 4.933382664579878565e+02 6.467721014349873485e+02 8.106450111339837576e+02 9.712123176265160964e+02 1.135085227325510232e+03 6.187290969899665782e+01
1.080223161445546864e+00 1.652875810209770862e+02 3.299976430673548293e+02 4.942050009268864983e+02 6.482465040898345023e+02 8.124538619493660008e+02 9.734588687643154117e+02 1.137666226623844523e+03 6.220735785953177555e+01
7.980080848084163403e-01 1.653398141048750745e+02 3.305966643527044653e+02 4.951384703727712235e+02 6.496541717676956296e+02 8.141959777877622173e+02 9.755643739927604656e+02 1.140106180012824552e+03 6.254180602006688616e+01
4.734764685614432089e-01 1.653497306491632060e+02 3.313342949593340450e+02 4.962105491399358925e+02 6.509232301242767562e+02 8.157994843048785469e+02 9.775332020033446270e+02 1.142409456183943803e+03 6.287625418060200388e+01
1.425918705335163517e-01 1.653532942116704021e+02 3.322084751722272813e+02 4.974191775133643318e+02 6.520557388745942262e+02 8.172664412157311062e+02 9.795583159309254597e+02 1.144769018272059384e+03 6.321070234113712161e+01
-1.579781331027675095e-01 1.653871723685692245e+02 3.330892180174917030e+02 4.986343685191637860e+02 6.531816849925404540e+02 8.187268354942125370e+02 9.817304732585945430e+02 1.147275623760263670e+03 6.354515050167223933e+01
-3.949253321116811266e-01 1.654846733300954327e+02 3.338725628400846404e+02 4.997521615022918127e+02 6.544050291331582230e+02 8.202846277953655090e+02 9.838928381214225283e+02 1.149772436783626517e+03 6.387959866220735705e+01
-5.419919935017275536e-01 1.656720548292405226e+02 3.345752053212889905e+02 5.007892521440313089e+02 6.557090756151643518e+02 8.219231224379069545e+02 9.859564995366291669e+02 1.152170546359368927e+03 6.421404682274247477e+01
-5.828806585834591658e-01 1.659656143246939450e+02 3.352475585114911496e+02 5.017960534947686142e+02 6.570434113881731264e+02 8.235919063714507047e+02 9.879687034269154537e+02 1.154517198410190076e+03 6.454849498327759250e+01
-5.130601757890936865e-01 1.663698829680234041e+02 3.359164855131094214e+02 5.027994286569220890e+02 6.583811733497655041e+02 8.252641164935783991e+02 9.899747232450747561e+02 1.156857666388884581e+03 6.488294314381271022e+01
-3.402678284378635731e-01 1.668771234759097695e+02 3.365852386295205747e+02 5.038026299338683316e+02 6.597191091965651140e+02 8.269365005009130982e+02 9.919631093311826362e+02 1.159180500635528006e+03 6.521739130434782794e+01
-8.365191369387882381e-02 1.674681875511888620e+02 3.372491825103971905e+02 5.048010219752801504e+02 6.610618542788993182e+02 8.286136937437825054e+02 9.938962387968106214e+02 1.161448078261691080e+03 6.555183946488294566e+01
2.283502159399918297e-01 1.681146378413578475e+02 3.379065084827255987e+02 5.057927961081436479e+02 6.624112172697817869e+02 8.302975048952000634e+02 9.957493013282129368e+02 1.163635588953628712e+03 6.588628762541806339e+01
5.611634768419901942e-01 1.687818992627949797e+02 3.385592557904291766e+02 5.067799915763823719e+02 6.637651589252891426e+02 8.319858947112422811e+02 9.975243332715106135e+02 1.165745069057461251e+03 6.622073578595318111e+01
8.779065666433173432e-01 1.694330905131314466e+02 3.392087111193312694e+02 5.077638950658195540e+02 6.651223925595977562e+02 8.336775765060860977e+02 9.992502044862191042e+02 1.167805388432704831e+03 6.655518394648829883e+01
1.143479020228922227e+00 1.700331111272521696e+02 3.398506271091155213e+02 5.087402592161390089e+02 6.664871655330240401e+02 8.353767976400475845e+02 1.000982390612264112e+03 1.169872022719285042e+03 6.688963210702341655e+01
1.328450949204483811e+00 1.705525312167628442e+02 3.404739076105562958e+02 5.096979878781148727e+02 6.678705739947940856e+02 8.370946542623527193e+02 1.002798201554115735e+03 1.172022281821671413e+03 6.722408026755853427e+01
1.412324352350198486e+00 1.709708527804436926e+02 3.410649149682209327e+02 5.106234433963147126e+02 6.692862556003401551e+02 8.388447840284337644e+02 1.004771518945532875e+03 1.174330047373623529e+03 6.755852842809365200e+01
1.385804645606110386e+00 1.712787812342347422e+02 3.416172162001053607e+02 5.115101927887341162e+02 6.707406433316663197e+02 8.406336199202951320e+02 1.006924286934291786e+03 1.176817263522917528e+03 6.789297658862875551e+01
1.251830659929136891e+00 1.714792554090928718e+02 3.421432668172295166e+02 5.123706915663933614e+02 6.722212816777528133e+02 8.424487064269168286e+02 1.009186268162598139e+03 1.179413692911758972e+03 6.822742474916387323e+01
1.025248964378744798e+00 1.715871218740776385e+02 3.426835379021248968e+02 5.132454108118238310e+02 6.736876995560681962e+02 8.442495724657673009e+02 1.011411886354882881e+03 1.181973759264579030e+03 6.856187290969899095e+01
7.311686248456655823e-01 1.716274896950796460e+02 3.433068772498054955e+02 5.142031983200396326e+02 6.750710491715980197e+02 8.459673702418324410e+02 1.013480358415697765e+03 1.184376679485929117e+03 6.889632107023410867e+01
4.021786865262808042e-01 1.716329479172954109e+02 3.440784814407880958e+02 5.153092506715574928e+02 6.763061339438262394e+02 8.475369031745957500e+02 1.015441887560074406e+03 1.186672656790840620e+03 6.923076923076922640e+01
7.473676576010011841e-02 1.716399541570643237e+02 3.449675724972702824e+02 5.165327898885748255e+02 6.774237318505548728e+02 8.489889492418593591e+02 1.017501552567568865e+03 1.189066769958870509e+03 6.956521739130434412e+01
-2.148710668271626989e-01 1.716847944850121621e+02 3.458316995493501622e+02 5.177313651011899083e+02 6.785662937616857562e+02 8.504659593135254454e+02 1.019687510007001379e+03 1.191587175558837998e+03 6.989966555183946184e+01
-4.345513953489387737e-01 1.717995623170255328e+02 3.465937160376408315e+02 5.188278297500157805e+02 6.798109662366059638e+02 8.520450799489807423e+02 1.021829853531208755e+03 1.194063967243580692e+03 7.023411371237457956e+01
-5.599599458571606903e-01 1.720086019270524389e+02 3.472861384646009810e+02 5.198547003375110762e+02 6.811252327728567479e+02 8.536937946457666158e+02 1.023876735157261237e+03 1.196445297030168604e+03 7.056856187290969729e+01
-5.771993424442192211e-01 1.723258106910005267e+02 3.479565136696937770e+02 5.208595237031390752e+02 6.824615465309747151e+02 8.553645565644197859e+02 1.025885735212110831e+03 1.198788745245553400e+03 7.090301003344481501e+01
-4.843591701115381176e-01 1.727530990238682591e+02 3.486256400490469218e+02 5.218630982430272525e+02 6.837991091148323903e+02 8.570365673088124367e+02 1.027890573899112496e+03 1.201128032093089814e+03 7.123745819397993273e+01
-2.917276806094555863e-01 1.732801786739055103e+02 3.492937543689460540e+02 5.228656607234617013e+02 6.851376837581441350e+02 8.587095901126592707e+02 1.029870335046829950e+03 1.203442241401342244e+03 7.157190635451505045e+01
-2.065168116373067297e-02 1.738857028338863699e+02 3.499562670069184946e+02 5.238626215219692313e+02 6.864818600833824576e+02 8.603882145984327963e+02 1.031787615069064486e+03 1.205693969584111755e+03 7.190635451505016817e+01
2.988290499357303953e-01 1.745396317255209624e+02 3.506123867870452955e+02 5.248531894626310077e+02 6.878324292664664199e+02 8.620732319420519616e+02 1.033622941182360819e+03 1.207863743857943291e+03 7.224080267558528590e+01
6.313106763384055409e-01 1.752065615124587623e+02 3.512644545122535646e+02 5.258397053483745367e+02 6.891870505044688571e+02 8.637623013405894881e+02 1.035384177712536712e+03 1.209959428548653932e+03 7.257525083612040362e+01
9.399486443134114078e-01 1.758496476409688967e+02 3.519129032020192653e+02 5.268226021986753267e+02 6.905452907779138059e+02 8.654549897745696398e+02 1.037105844085501531e+03 1.212015543082153954e+03 7.290969899665552134e+01
1.190540684552062078e+00 1.764346878417426865e+02 3.525519688167510139e+02 5.277961159739422783e+02 6.919129141263925931e+02 8.671570612835835163e+02 1.038848922661573852e+03 1.214093069818761478e+03 7.324414715719063906e+01
1.355316977343829388e+00 1.769339122950695469e+02 3.531694414105988358e+02 5.287480367283251326e+02 6.933021304957553639e+02 8.688807258134813765e+02 1.040693058560295412e+03 1.216271653878018014e+03 7.357859531772575679e+01
1.416017541233452581e+00 1.773290610194942758e+02 3.537522648164039083e+02 5.296653082946652376e+02 6.947259960531609977e+02 8.706390395314220996e+02 1.042705562746546093e+03 1.218618606224803898e+03 7.391304347826087451e+01
1.365915733250895325e+00 1.776134073720468223e+02 3.542970789372412810e+02 5.305445705760376995e+02 6.961878708955340471e+02 8.724353625343302383e+02 1.044890861639658169e+03 1.221138353278450950e+03 7.424749163879599223e+01
1.210563674969890702e+00 1.777925034743009292e+02 3.548217104004268094e+02 5.314036501997583173e+02 6.976699283955591682e+02 8.742518681948903350e+02 1.047158544362110661e+03 1.223740484161438872e+03 7.458193979933110995e+01
9.671769874097517761e-01 1.778835649472759144e+02 3.553731863176766410e+02 5.322895742775432382e+02 6.991251414415199861e+02 8.760415294013863559e+02 1.049357119483064480e+03 1.226273507442927666e+03 7.491638795986622767e+01
6.627270104155370545e-01 1.779135631308167831e+02 3.560241934841720308e+02 5.332750296045736604e+02 7.004808232382351889e+02 8.777316593586366480e+02 1.051390686185722188e+03 1.228641522306120351e+03 7.525083612040133119e+01
3.309519196246685224e-01 1.779162362005610589e+02 3.568285950834037976e+02 5.344138793643404597e+02 7.016831106022141284e+02 8.792683948831507905e+02 1.053355921571670478e+03 1.230941205852604071e+03 7.558528428093644891e+01
8.617973169983021708e-03 1.779283504146414998e+02 3.577251505115503392e+02 5.356448829530221474e+02 7.027932441372784069e+02 8.807129765787499309e+02 1.055451542306119563e+03 1.233371274747588132e+03 7.591973244147156663e+01
-2.685548086603199436e-01 1.779856257933463439e+02 3.585690770173770261e+02 5.368232576193839805e+02 7.039560065946624263e+02 8.822101871966691533e+02 1.057641844027857360e+03 1.235896024629860904e+03 7.625418060200668435e+01
-4.698510219906765206e-01 1.781187777405510815e+02 3.593116967653471079e+02 5.379003255278893221e+02 7.052200758099029372e+02 8.838087045724448672e+02 1.059762113463572632e+03 1.238350742226111151e+03 7.658862876254180208e+01
-5.729636619138829268e-01 1.783501132611630169e+02 3.599961861560853436e+02 5.389192630791627607e+02 7.065422753823754647e+02 8.854653523054527113e+02 1.061795408513477696e+03 1.240718485436551191e+03 7.692307692307691980e+01
-5.664661143503498808e-01 1.786910589692616895e+02 3.606654890284470412e+02 5.399230141120596045e+02 7.078796614732248145e+02 8.871371865568371504e+02 1.063802816423229615e+03 1.243060341506838313e+03 7.725752508361203752e+01
-4.510784167594467653e-01 1.791408948273877115e+02 3.613347611155373897e+02 5.409267343596850424e+02 7.092170783493453428e+02 8.888090515934928817e+02 1.065805344829098885e+03 1.245397318073242559e+03 7.759197324414715524e+01
-2.395874660141389390e-01 1.796868339386681441e+02 3.620019962188146678e+02 5.419284176234975803e+02 7.105565322092787710e+02 8.904829536139615129e+02 1.067774644501922921e+03 1.247701065906602025e+03 7.792642140468227296e+01
4.456998589270711603e-02 1.803054395511101404e+02 3.626630468734035162e+02 5.429239164386215180e+02 7.119021705179006858e+02 8.921630400831186307e+02 1.069675162905015668e+03 1.249936032470229748e+03 7.826086956521739069e+01
3.699045184836673994e-01 1.809652222442362017e+02 3.633180855903858060e+02 5.439134033161390107e+02 7.132538207641291592e+02 8.938491384898820797e+02 1.071493104442713275e+03 1.252088422168462330e+03 7.859531772575250841e+01
7.003635959940328615e-01 1.816301294822816885e+02 3.639695090058025357e+02 5.448992748920907161e+02 7.146090863119231926e+02 8.955388521982113161e+02 1.073242099631479277e+03 1.254171865517763536e+03 7.892976588628762613e+01
9.993267941669541354e-01 1.822635408409897195e+02 3.646166915531118775e+02 5.458809055999350903e+02 7.159685927278245572e+02 8.972328067746478837e+02 1.074962351850684854e+03 1.256226565897504315e+03 7.926421404682274385e+01
1.233663964509532418e+00 1.828323261718674075e+02 3.652523314404368193e+02 5.468509936477952351e+02 7.173396418037102649e+02 8.989383040110687944e+02 1.076720056629861801e+03 1.258318718837216238e+03 7.959866220735786158e+01
1.377406610654157593e+00 1.833105169785471560e+02 3.658633621544175867e+02 5.477964725223108644e+02 7.187353000529402607e+02 9.006684104208338795e+02 1.078595785471317868e+03 1.260528895839207507e+03 7.993311036789297930e+01
1.414625628222893949e+00 1.836821841566510045e+02 3.664378057084788338e+02 5.487053642369072577e+02 7.201675454620897199e+02 9.024351039905184280e+02 1.080647818906178372e+03 1.262915377434602988e+03 8.026755852842809702e+01
1.341196525559768427e+00 1.839432032145230096e+02 3.669759124966481068e+02 5.495779191856117905e+02 7.216361276371310396e+02 9.042381343260949507e+02 1.082861426526290870e+03 1.265463433215251143e+03 8.060200668896321474e+01
1.165256481769656904e+00 1.841017113312680351e+02 3.675012642629934021e+02 5.504377191124921183e+02 7.231174648339965643e+02 9.060539196834955646e+02 1.085127473567900552e+03 1.268063928417395573e+03 8.093645484949833246e+01
9.063026114260797073e-01 1.841772056214595636e+02 3.680673820537024312e+02 5.513382850637362935e+02 7.245580360064982415e+02 9.078289390165323312e+02 1.087294019413142905e+03 1.270564922423173130e+03 8.127090301003345019e+01
5.930313613688955598e-01 1.841983825319374830e+02 3.687489606493148244e+02 5.523543118198838329e+02 7.258831463740965546e+02 9.094884975446658473e+02 1.089297246488300061e+03 1.272902597658865488e+03 8.160535117056856791e+01
2.601584514026791806e-01 1.841999577825064307e+02 3.695833618527375393e+02 5.535231611838416939e+02 7.270554341338847735e+02 9.109952334649890417e+02 1.091277076144702278e+03 1.275216875475802908e+03 8.193979933110368563e+01
-5.542820232204651032e-02 1.842188192893168264e+02 3.704798121498124033e+02 5.547540596414518177e+02 7.281656728000201610e+02 9.124399202916597460e+02 1.093406364316095051e+03 1.277680611807730656e+03 8.227424749163878914e+01
-3.187562951012524737e-01 1.842899393570727398e+02 3.713014863956530576e+02 5.559101820478274476e+02 7.293506875173901562e+02 9.139593831695646031e+02 1.095592175035167429e+03 1.280200870687338011e+03 8.260869565217390686e+01
-5.006446457892441693e-01 1.844424991669198448e+02 3.720270801864693340e+02 5.569702239991788701e+02 7.306317826897843588e+02 9.155749265024941224e+02 1.097690134744220813e+03 1.282633278556926371e+03 8.294314381270902459e+01
-5.809369673819765323e-01 1.846966550058622261e+02 3.727056603036241995e+02 5.579832522768689387e+02 7.319598915358402564e+02 9.172374835090852230e+02 1.099713101570061781e+03 1.284990693543302314e+03 8.327759197324414231e+01
-5.507355206729671604e-01 1.850613046131063584e+02 3.733745262058125149e+02 5.589865663395925139e+02 7.332977145968626473e+02 9.189097547306429306e+02 1.101719861464115411e+03 1.287331901597891147e+03 8.361204013377926003e+01
-4.133871337273827273e-01 1.855331011605870515e+02 3.740437927183251645e+02 5.599902810126403665e+02 7.346351370475608746e+02 9.205816253418762471e+02 1.103718601512093983e+03 1.289665089806404467e+03 8.394648829431437775e+01
-1.841123164335088935e-01 1.860968241384160820e+02 3.747099372433168014e+02 5.609908736981672064e+02 7.359756814857801146e+02 9.222566179406306901e+02 1.105675719827973126e+03 1.291956656282818813e+03 8.428093645484949548e+01
1.116814269739548615e-01 1.867270660423586719e+02 3.753695447957426836e+02 5.619849294111281779e+02 7.373227628965651093e+02 9.239381475119507741e+02 1.107558843516105753e+03 1.294174228131486416e+03 8.461538461538461320e+01
4.412151765337906095e-01 1.873910479524536470e+02 3.760236343309003928e+02 5.629734671068209764e+02 7.386753623246181633e+02 9.256251951005389174e+02 1.109360038388864723e+03 1.296309871164780361e+03 8.494983277591973092e+01
7.679710524495703128e-01 1.880522519889045725e+02 3.766744003058815906e+02 5.639586812423373203e+02 7.400312853128476718e+02 9.273155662493036289e+02 1.111098624497160245e+03 1.298382905433610858e+03 8.528428093645484864e+01
1.055739010841707071e+00 1.886744681078318422e+02 3.773199812663348780e+02 5.649387103633257539e+02 7.413923933156050907e+02 9.290111224125961371e+02 1.112820505800696992e+03 1.300439234897682809e+03 8.561872909698996637e+01
1.272629529152838890e+00 1.892258067866781062e+02 3.779515750524872715e+02 5.659047523100132366e+02 7.427674884926633467e+02 9.307206657501895961e+02 1.114596640427340390e+03 1.302549817684861182e+03 8.595317725752508409e+01
1.394607484264837272e+00 1.896822329023252394e+02 3.785555760762363207e+02 5.668432014942974320e+02 7.441701764321250039e+02 9.324578018501862289e+02 1.116506819522682008e+03 1.304794444940737549e+03 8.628762541806020181e+01
1.408155668529530447e+00 1.900302292471250496e+02 3.791216085173088572e+02 5.677436820959052284e+02 7.456108329542630599e+02 9.342329065328594879e+02 1.118597816300109571e+03 1.307219889878700769e+03 8.662207357859531953e+01
1.311772716301428776e+00 1.902682944554320841e+02 3.796540538359282664e+02 5.686105755750597837e+02 7.470850765988542435e+02 9.360415983379857607e+02 1.120834582111960799e+03 1.309791103851087200e+03 8.695652173913043725e+01
1.116139478026804355e+00 1.904071093776925920e+02 3.801825745189979102e+02 5.694735444186643463e+02 7.485632448789955333e+02 9.378542147786621399e+02 1.123091582160136795e+03 1.312382552059798172e+03 8.729096989966555498e+01
8.429354066287133573e-01 1.904683534668296545e+02 3.807669222864219591e+02 5.703923403466235413e+02 7.499855860747823044e+02 9.396110041349840003e+02 1.125222618042582781e+03 1.314848036102779133e+03 8.762541806020067270e+01
5.224361105082432344e-01 1.904823023312442558e+02 3.814812459689475759e+02 5.714411121896844179e+02 7.512779513554675077e+02 9.412378175762042929e+02 1.127202435443101649e+03 1.317162301663833432e+03 8.795986622073579042e+01
1.901582981221025259e-01 1.904844726793932352e+02 3.823411921539537843e+02 5.726355065352257725e+02 7.524246941336721193e+02 9.427190085149439938e+02 1.129206469270179696e+03 1.319500783651446454e+03 8.829431438127090814e+01
-1.170760609918034267e-01 1.905116864808144896e+02 3.832304666626747576e+02 5.738592292044817214e+02 7.535421085881616818e+02 9.441708711299687593e+02 1.131363822497803540e+03 1.321992585039605729e+03 8.862876254180602587e+01
-3.652202368758367124e-01 1.905979904654655570e+02 3.840292871669333863e+02 5.749924978692756667e+02 7.547499770471135889e+02 9.457131877494557557e+02 1.133537729594221446e+03 1.324500940296558838e+03 8.896321070234114359e+01
-5.267756821407661993e-01 1.907708831807356944e+02 3.847404024760895140e+02 5.760380613389671680e+02 7.560455507011680538e+02 9.473432095640451962e+02 1.135614620304536629e+03 1.326912279167408997e+03 8.929765886287624710e+01
-5.838393372722782138e-01 1.910482676861392690e+02 3.854147967452580588e+02 5.770469037686706315e+02 7.573778453952103291e+02 9.490099524186226745e+02 1.137630291536927871e+03 1.329262398560335441e+03 8.963210702341136482e+01
-5.300875927969113111e-01 1.914364675911497500e+02 3.860836255059048199e+02 5.780501806898525956e+02 7.587157055977743312e+02 9.506822607817217659e+02 1.139636695757510779e+03 1.331603250941453553e+03 8.996655518394648254e+01
-3.714770433833105567e-01 1.919295263010984343e+02 3.867526726716960752e+02 5.790536760161789971e+02 7.600533473951938959e+02 9.523543507396764198e+02 1.141629936299959354e+03 1.333930939644437331e+03 9.030100334448160027e+01
-1.255844047674806452e-01 1.925098671002493802e+02 3.874175577570480868e+02 5.800530092620659843e+02 7.613951512730527611e+02 9.540306027780703744e+02 1.143573320487377941e+03 1.336208771992391348e+03 9.063545150501671799e+01
1.803412842798757798e-01 1.931502409498318400e+02 3.880757841445054623e+02 5.810456838100584491e+02 7.627436138488061488e+02 9.557135135143587377e+02 1.145438691474278130e+03 1.338408591139826285e+03 9.096989966555183571e+01
5.123983208416421631e-01 1.938167461469287218e+02 3.887290445986807867e+02 5.820333924247688628e+02 7.640970423578415875e+02 9.574013901839292657e+02 1.147224016507128681e+03 1.340528364333212039e+03 9.130434782608695343e+01
8.337891944356153884e-01 1.944725851810578376e+02 3.893790799721211329e+02 5.830178759587445256e+02 7.654536959476116635e+02 9.590924919342345447e+02 1.148954274667942400e+03 1.342593070654560734e+03 9.163879598662207115e+01
1.108898392860702131e+00 1.950821425400180260e+02 3.900226525585771356e+02 5.839958967057356176e+02 7.668168123243661967e+02 9.607900564715241671e+02 1.150681063050055400e+03 1.344654307197208936e+03 9.197324414715718888e+01
1.307239192874962264e+00 1.956149315005674225e+02 3.906495518152352133e+02 5.849572441229288415e+02 7.681966020309185978e+02 9.625042943386116576e+02 1.152479411313463743e+03 1.346787103621152482e+03 9.230769230769230660e+01
1.406832103933596034e+00 1.960489725721611762e+02 3.912460072638084512e+02 5.858881477320372824e+02 7.696068355455558958e+02 9.642489760137839312e+02 1.154426370627771803e+03 1.349068511095995518e+03 9.264214046822742432e+01
1.396640550942656267e+00 1.963732291797053335e+02 3.918037885001319296e+02 5.867803771288959069e+02 7.710557432724428963e+02 9.660323319012060210e+02 1.156554787302096202e+03 1.351531375930854892e+03 9.297658862876254204e+01
1.277793930085246110e+00 1.965888307193830258e+02 3.923318995054873426e+02 5.876429362947864092e+02 7.725343212302979055e+02 9.678453580195962331e+02 1.158808753160828701e+03 1.354119789950122367e+03 9.331103678929765977e+01
1.063462444271702001e+00 1.967089473941046265e+02 3.928663416527501226e+02 5.885118266025841649e+02 7.740065680462457749e+02 9.696520529960791919e+02 1.161049497849020781e+03 1.356694982798849651e+03 9.364548494983277749e+01
7.773976265878247416e-01 1.967573307369558790e+02 3.934725530736658925e+02 5.894524861840350241e+02 7.754070455885408819e+02 9.713869786989092745e+02 1.163143382502826853e+03 1.359123315613190698e+03 9.397993311036789521e+01
4.513002716727262387e-01 1.967656815425758623e+02 3.942207887910379327e+02 5.905351700619420399e+02 7.766654988343796049e+02 9.729798801052832005e+02 1.165108786724286574e+03 1.361423167995185622e+03 9.431438127090301293e+01
1.213074483907419093e-01 1.967701368798290389e+02 3.951003751405539219e+02 5.917492045719932321e+02 7.777926014480742651e+02 9.744414308795129500e+02 1.167144273245541399e+03 1.363793102676975650e+03 9.464882943143813065e+01
-1.760120915076607562e-01 1.968072655004657463e+02 3.959764221227511598e+02 5.929596997147255024e+02 7.789232434290876199e+02 9.759065210210615078e+02 1.169321717825253245e+03 1.366304995417222699e+03 9.498327759197324838e+01
-4.077103449553941550e-01 1.969100154075531179e+02 3.967529632028832225e+02 5.940706889553927113e+02 7.801533913121664909e+02 9.774711170646752407e+02 1.171478202215769670e+03 1.368795927968274327e+03 9.531772575250836610e+01
-5.481112496161966163e-01 1.971040626634274133e+02 3.974521635056133846e+02 5.951043374186580195e+02 7.814608799726471489e+02 9.791130538856908743e+02 1.173536315485752084e+03 1.371188489398791717e+03 9.565217391304348382e+01
-5.816560253838140016e-01 1.974049660481949218e+02 3.981237863020915597e+02 5.961104083756712271e+02 7.827959461393797937e+02 9.807825682129588358e+02 1.175547305413506820e+03 1.373533927487081655e+03 9.598662207357860154e+01
-5.046273465411001968e-01 1.978164428875727765e+02 3.987927740541697403e+02 5.971138442882845538e+02 7.841336473505125468e+02 9.824547175846263372e+02 1.177553052016670790e+03 1.375874122250780601e+03 9.632107023411370506e+01
-3.255612861107928246e-01 1.983299571085381956e+02 3.994613554602504450e+02 5.981168738549004047e+02 7.854717549076427758e+02 9.841272733022916555e+02 1.179538953897310193e+03 1.378194472291955208e+03 9.665551839464882278e+01
-6.430138133602823769e-02 1.989256651738480457e+02 4.001248614784475421e+02 5.991148280336325342e+02 7.868149378526566124e+02 9.858049044078406951e+02 1.181467269494725542e+03 1.380457236049905760e+03 9.698996655518394050e+01
2.502003858483566878e-01 1.995746151015675593e+02 4.007818009582171044e+02 6.001062156739374132e+02 7.881646873360978134e+02 9.874891020518169853e+02 1.183314798919998566e+03 1.382639213635713531e+03 9.732441471571905822e+01
5.830919325105252682e-01 2.002419548087648309e+02 4.014343311900888125e+02 6.010931940663442674e+02 7.895188460674366979e+02 9.891777089436910728e+02 1.185085390563893498e+03 1.384744253440143666e+03 9.765886287625417594e+01
8.974832786990950551e-01 2.008907943154885061e+02 4.020834965092733455e+02 6.020768075460639466e+02 7.908763697114626439e+02 9.908696807482521081e+02 1.186809668385422356e+03 1.386802979422207727e+03 9.799331103678929367e+01
1.158534583248217231e+00 2.014862937805727370e+02 4.027245836689417047e+02 6.030523428662675087e+02 7.922419715150047068e+02 9.925697307123293740e+02 1.188544844411329905e+03 1.388872603608650479e+03 9.832775919732441139e+01
1.337316980881071649e+00 2.019995243387406845e+02 4.033461261384993577e+02 6.040083334963603647e+02 7.936271180086575896e+02 9.942893253665174598e+02 1.190369101495652785e+03 1.391031308853508563e+03 9.866220735785952911e+01
1.414018367377560148e+00 2.024106738857722974e+02 4.039346158116045444e+02 6.049312713300005271e+02 7.950453172987628250e+02 9.960419728171577844e+02 1.192354534040988483e+03 1.393351189559379236e+03 9.899665551839464683e+01
1.380138948453344394e+00 2.027112426273832000e+02 4.044845180251973034e+02 6.058156217041283753e+02 7.965021040483807155e+02 9.978332077273106506e+02 1.194517833491292322e+03 1.395848937170218278e+03 9.933110367892976456e+01
1.239433135478144044e+00 2.029049849749431189e+02 4.050099171517681498e+02 6.066754689912343110e+02 7.979833938850205186e+02 9.996489457244855430e+02 1.196782356425346279e+03 1.398447908264807438e+03 9.966555183946488228e+01
1.007493483682594615e+00 2.030074934836827083e+02 4.055533178419384512e+02 6.075533178419398155e+02 7.994466821580607530e+02 1.001446682158060980e+03 1.199000155938033686e+03 1.401000155938030048e+03 1.000000000000000000e+02
